[project1] 2626 1588142857.072698000 1588142858.047624800
[project1] 2627 1588142859.024873800 1588142859.098162900
[project1] 2628 1588142860.068330100 1588142861.037908200
[project1] 2629 1588142862.007873800 1588142862.077658400
[project1] 2630 1588142863.048731200 1588142864.019415100
[project1] 2631 1588142864.089293900 1588142865.059063500
[project1] 2632 1588142866.030887300 1588142867.003380000
[project1] 2633 1588142867.077472100 1588142868.050835100
[project1] 2634 1588142869.025633300 1588142869.098090700
[project1] 2635 1588142870.070694200 1588142871.043379900
